1
17596
11472
2204
9212
7272
2144
6661
15141
12712
7322
7245
9029
384
9186
13902
7339
2910
7692
2150
5131
12569
8085
9041
15175
4042
4648
10777
919
15569
10678
8313
4454
6694
6726
16417
8650
7774
16942
17583
14787
13727
16262
12473
14714
14491
17803
12240
2725
1314
4099
7964
4194
1590
5123
14609
5564
9260
12883
17270
5347
11042
4748
3128
5655
3906
3626
3622
4642
12307
3491
2345
8959
383
9441
2430
5135
11549
420
6
16321
15279
13224
1719
7930
12864
4264
1591
4868
8230
7768
621
2304
1563
12008
8332
17460
10450
12900
12935
4010
12808
693
1795
6401
10037
11109
5514
4159
10515
14176
8873
4462
4654
9247
16198
10942
12397
16243
17318
10958
8317
3434
16880
15542
17563
2036
16350
7884
6743
12082
7313
9540
12887
